%YAML:1.0
---
image_width: 1920
image_height: 1080
camera_matrix: !!opencv-matrix
   rows: 3
   cols: 3
   dt: d
   data: [ 8.5109942907707830e+02, 0., 9.6867715544793248e+02, 0.,
       8.5227276216192763e+02, 5.4598316926665279e+02, 0., 0., 1. ]
distortion_coefficients: !!opencv-matrix
   rows: 5
   cols: 1
   dt: d
   data: [ -7.1426380417695820e-02, 9.4223061249215853e-02,
       -1.4811605061831842e-03, -2.4390481450768269e-03,
       -3.9604953199683247e-02 ]
